initial param of org network 
module.encoder.patch_embed1.proj.weight 
tensor([[[ 5.0913e-04,  1.8030e-03,  9.1641e-03,  1.0728e-02,  5.9126e-03,
           2.4140e-03,  2.2162e-03],
         [ 4.9205e-04,  5.3234e-03, -2.2403e-03,  5.1093e-03,  2.5350e-03,
           9.0154e-03,  1.3307e-03],
         [ 1.3040e-02,  1.9189e-02, -3.4679e-02,  3.0464e-02,  6.2754e-02,
           2.2893e-02,  2.9366e-02],
         [ 6.4055e-03,  2.0953e-02,  5.5928e-03,  2.0266e-02,  1.7560e-02,
          -4.1738e-02,  5.7600e-02],
         [ 2.3090e-03, -6.1522e-03, -3.1901e-02,  4.0982e-02, -1.6441e-01,
           8.4115e-02, -2.3629e-03],
         [ 4.8220e-03, -1.6453e-02,  1.1452e-02, -1.4916e-01, -1.0604e-02,
           1.7010e-02, -9.3758e-03],
         [ 2.6886e-03, -1.2263e-03, -2.4712e-02,  1.4210e-02, -2.3264e-02,
           1.8879e-02, -3.7934e-02]],
grad None



param of org network after ds backward
module.encoder.patch_embed1.proj.weight 
tensor([[[ 5.0913e-04,  1.8030e-03,  9.1641e-03,  1.0728e-02,  5.9126e-03,
           2.4140e-03,  2.2162e-03],
         [ 4.9205e-04,  5.3234e-03, -2.2403e-03,  5.1093e-03,  2.5350e-03,
           9.0154e-03,  1.3307e-03],
         [ 1.3040e-02,  1.9189e-02, -3.4679e-02,  3.0464e-02,  6.2754e-02,
           2.2893e-02,  2.9366e-02],
         [ 6.4055e-03,  2.0953e-02,  5.5928e-03,  2.0266e-02,  1.7560e-02,
          -4.1738e-02,  5.7600e-02],
         [ 2.3090e-03, -6.1522e-03, -3.1901e-02,  4.0982e-02, -1.6441e-01,
           8.4115e-02, -2.3629e-03],
         [ 4.8220e-03, -1.6453e-02,  1.1452e-02, -1.4916e-01, -1.0604e-02,
           1.7010e-02, -9.3758e-03],
         [ 2.6886e-03, -1.2263e-03, -2.4712e-02,  1.4210e-02, -2.3264e-02,
           1.8879e-02, -3.7934e-02]],
grad tensor([[[ 0.0072,  0.0058,  0.0003,  0.0007, -0.0039, -0.0011,  0.0061],
         [ 0.0052,  0.0041,  0.0013,  0.0028, -0.0041, -0.0008,  0.0094],
         [ 0.0048, -0.0033, -0.0113, -0.0045, -0.0091, -0.0034,  0.0064],
         [-0.0062, -0.0154, -0.0191, -0.0109, -0.0167, -0.0072, -0.0017],
         [-0.0189, -0.0245, -0.0252, -0.0143, -0.0178, -0.0141, -0.0125],
         [-0.0296, -0.0277, -0.0262, -0.0164, -0.0244, -0.0244, -0.0230],
         [-0.0377, -0.0278, -0.0243, -0.0194, -0.0257, -0.0276, -0.0250]],



param updated_net
module.encoder.patch_embed1.proj.weight 
tensor([[[ 5.0191e-04,  1.7971e-03,  9.1638e-03,  1.0727e-02,  5.9165e-03,
           2.4151e-03,  2.2101e-03],
         [ 4.8686e-04,  5.3193e-03, -2.2417e-03,  5.1065e-03,  2.5391e-03,
           9.0162e-03,  1.3212e-03],
         [ 1.3035e-02,  1.9192e-02, -3.4667e-02,  3.0468e-02,  6.2763e-02,
           2.2896e-02,  2.9360e-02],
         [ 6.4116e-03,  2.0968e-02,  5.6118e-03,  2.0277e-02,  1.7577e-02,
          -4.1731e-02,  5.7601e-02],
         [ 2.3278e-03, -6.1277e-03, -3.1876e-02,  4.0996e-02, -1.6439e-01,
           8.4129e-02, -2.3504e-03],
         [ 4.8517e-03, -1.6425e-02,  1.1479e-02, -1.4914e-01, -1.0579e-02,
           1.7034e-02, -9.3528e-03],
         [ 2.7262e-03, -1.1985e-03, -2.4688e-02,  1.4230e-02, -2.3239e-02,
           1.8907e-02, -3.7909e-02]],
grad None

param of org network after dg backward
module.encoder.patch_embed1.proj.weight
 tensor([[[ 5.0913e-04,  1.8030e-03,  9.1641e-03,  1.0728e-02,  5.9126e-03,
           2.4140e-03,  2.2162e-03],
         [ 4.9205e-04,  5.3234e-03, -2.2403e-03,  5.1093e-03,  2.5350e-03,
           9.0154e-03,  1.3307e-03],
         [ 1.3040e-02,  1.9189e-02, -3.4679e-02,  3.0464e-02,  6.2754e-02,
           2.2893e-02,  2.9366e-02],
         [ 6.4055e-03,  2.0953e-02,  5.5928e-03,  2.0266e-02,  1.7560e-02,
          -4.1738e-02,  5.7600e-02],
         [ 2.3090e-03, -6.1522e-03, -3.1901e-02,  4.0982e-02, -1.6441e-01,
           8.4115e-02, -2.3629e-03],
         [ 4.8220e-03, -1.6453e-02,  1.1452e-02, -1.4916e-01, -1.0604e-02,
           1.7010e-02, -9.3758e-03],
         [ 2.6886e-03, -1.2263e-03, -2.4712e-02,  1.4210e-02, -2.3264e-02,
           1.8879e-02, -3.7934e-02]],
grad tensor([[[-0.0293, -0.0270, -0.0266, -0.0046, -0.0106, -0.0190, -0.0055],
         [-0.0388, -0.0435, -0.0493, -0.0321, -0.0384, -0.0351, -0.0127],
         [-0.0474, -0.0646, -0.0779, -0.0566, -0.0678, -0.0608, -0.0349],
         [-0.0672, -0.0844, -0.1015, -0.0839, -0.0963, -0.0809, -0.0567],
         [-0.1024, -0.1084, -0.1224, -0.1042, -0.1053, -0.0990, -0.0787],
         [-0.1148, -0.1117, -0.1130, -0.0941, -0.0995, -0.0970, -0.0805],
         [-0.1170, -0.0991, -0.0978, -0.0895, -0.0927, -0.0842, -0.0800]],

param updated_net after dg backward
module.encoder.patch_embed1.proj.weight
 tensor([[[ 5.0191e-04,  1.7971e-03,  9.1638e-03,  1.0727e-02,  5.9165e-03,
           2.4151e-03,  2.2101e-03],
         [ 4.8686e-04,  5.3193e-03, -2.2417e-03,  5.1065e-03,  2.5391e-03,
           9.0162e-03,  1.3212e-03],
         [ 1.3035e-02,  1.9192e-02, -3.4667e-02,  3.0468e-02,  6.2763e-02,
           2.2896e-02,  2.9360e-02],
         [ 6.4116e-03,  2.0968e-02,  5.6118e-03,  2.0277e-02,  1.7577e-02,
          -4.1731e-02,  5.7601e-02],
         [ 2.3278e-03, -6.1277e-03, -3.1876e-02,  4.0996e-02, -1.6439e-01,
           8.4129e-02, -2.3504e-03],
         [ 4.8517e-03, -1.6425e-02,  1.1479e-02, -1.4914e-01, -1.0579e-02,
           1.7034e-02, -9.3528e-03],
         [ 2.7262e-03, -1.1985e-03, -2.4688e-02,  1.4230e-02, -2.3239e-02,
           1.8907e-02, -3.7909e-02]],
grad None




param after optimizer backward
module.encoder.patch_embed1.proj.weight 
tensor([[[ 0.0055,  0.0068,  0.0142,  0.0157,  0.0109,  0.0074,  0.0072],
         [ 0.0055,  0.0103,  0.0028,  0.0101,  0.0075,  0.0140,  0.0063],
         [ 0.0180,  0.0242, -0.0297,  0.0355,  0.0678,  0.0279,  0.0344],
         [ 0.0114,  0.0260,  0.0106,  0.0253,  0.0226, -0.0367,  0.0626],
         [ 0.0073, -0.0012, -0.0269,  0.0460, -0.1594,  0.0891,  0.0026],
         [ 0.0098, -0.0115,  0.0165, -0.1442, -0.0056,  0.0220, -0.0044],
         [ 0.0077,  0.0038, -0.0197,  0.0192, -0.0183,  0.0239, -0.0329]],




grad tensor([[[-0.0293, -0.0270, -0.0266, -0.0046, -0.0106, -0.0190, -0.0055],
         [-0.0388, -0.0435, -0.0493, -0.0321, -0.0384, -0.0351, -0.0127],
         [-0.0474, -0.0646, -0.0779, -0.0566, -0.0678, -0.0608, -0.0349],
         [-0.0672, -0.0844, -0.1015, -0.0839, -0.0963, -0.0809, -0.0567],
         [-0.1024, -0.1084, -0.1224, -0.1042, -0.1053, -0.0990, -0.0787],
         [-0.1148, -0.1117, -0.1130, -0.0941, -0.0995, -0.0970, -0.0805],
         [-0.1170, -0.0991, -0.0978, -0.0895, -0.0927, -0.0842, -0.0800]],

